   9.6092988e-02   4.8437368e-03   2.9163856e-01  -3.7093269e-01   7.3982273e-01  -7.6146533e-01
   4.8437368e-03   2.4415711e-04   1.4700557e-02  -1.8697517e-02   3.7292072e-02  -3.8383005e-02
   2.9163856e-01   1.4700557e-02   8.8511192e-01  -1.1257666e+00   2.2453338e+00  -2.3110183e+00
  -3.7093269e-01  -1.8697517e-02  -1.1257666e+00   1.4318533e+00  -2.8558217e+00   2.9393652e+00
   7.3982273e-01   3.7292072e-02   2.2453338e+00  -2.8558217e+00   5.6959170e+00  -5.8625439e+00
  -7.6146533e-01  -3.8383005e-02  -2.3110183e+00   2.9393652e+00  -5.8625439e+00   6.0340454e+00
