   2.8661713e-02   2.7464892e-02   5.1832227e-02   1.1145346e-02   1.6871164e-01  -1.9059188e-01   4.3520922e-01  -5.2295107e-01   7.3256843e-01  -7.4090271e-01   9.2488136e-01  -9.2602918e-01
   2.7464892e-02   2.6318046e-02   4.9667879e-02   1.0679952e-02   1.6166679e-01  -1.8263337e-01   4.1703628e-01  -5.0111431e-01   7.0197872e-01  -7.0996499e-01   8.8626129e-01  -8.8736118e-01
   5.1832227e-02   4.9667879e-02   9.3734094e-02   2.0155393e-02   3.0510040e-01  -3.4466891e-01   7.8703820e-01  -9.4571173e-01   1.3247866e+00  -1.3398584e+00   1.6725679e+00  -1.6746436e+00
   1.1145346e-02   1.0679952e-02   2.0155393e-02   4.3339604e-03   6.5604927e-02  -7.4113238e-02   1.6923473e-01  -2.0335387e-01   2.8486533e-01  -2.8810618e-01   3.5964782e-01  -3.6009415e-01
   1.6871164e-01   1.6166679e-01   3.0510040e-01   6.5604927e-02   9.9308854e-01  -1.1218823e+00   2.5617751e+00  -3.0782506e+00   4.3121227e+00  -4.3611808e+00   5.4441357e+00  -5.4508921e+00
  -1.9059188e-01  -1.8263337e-01  -3.4466891e-01  -7.4113238e-02  -1.1218823e+00   1.2673794e+00  -2.8940120e+00   3.4774692e+00  -4.8713624e+00   4.9267829e+00  -6.1501863e+00   6.1578189e+00
   4.3520922e-01   4.1703628e-01   7.8703820e-01   1.6923473e-01   2.5617751e+00  -2.8940120e+00   6.6083651e+00  -7.9406672e+00   1.1123569e+01  -1.1250119e+01   1.4043714e+01  -1.4061143e+01
  -5.2295107e-01  -5.0111431e-01  -9.4571173e-01  -2.0335387e-01  -3.0782506e+00   3.4774692e+00  -7.9406672e+00   9.5415727e+00  -1.3366174e+01   1.3518238e+01  -1.6875045e+01   1.6895988e+01
   7.3256843e-01   7.0197872e-01   1.3247866e+00   2.8486533e-01   4.3121227e+00  -4.8713624e+00   1.1123569e+01  -1.3366174e+01   1.8723811e+01  -1.8936828e+01   2.3639162e+01  -2.3668499e+01
  -7.4090271e-01  -7.0996499e-01  -1.3398584e+00  -2.8810618e-01  -4.3611808e+00   4.9267829e+00  -1.1250119e+01   1.3518238e+01  -1.8936828e+01   1.9152268e+01  -2.3908100e+01   2.3937771e+01
   9.2488136e-01   8.8626129e-01   1.6725679e+00   3.5964782e-01   5.4441357e+00  -6.1501863e+00   1.4043714e+01  -1.6875045e+01   2.3639162e+01  -2.3908100e+01   2.9844885e+01  -2.9881924e+01
  -9.2602918e-01  -8.8736118e-01  -1.6746436e+00  -3.6009415e-01  -5.4508921e+00   6.1578189e+00  -1.4061143e+01   1.6895988e+01  -2.3668499e+01   2.3937771e+01  -2.9881924e+01   2.9919009e+01
