   3.2963717e-02   2.8028161e-02   8.7548223e-02  -3.0094517e-02   2.4957914e-01  -3.4030952e-01   5.8204732e-01  -6.0795170e-01   8.0940118e-01  -8.1121201e-01
   2.8028161e-02   2.3831592e-02   7.4439899e-02  -2.5588558e-02   2.1221043e-01  -2.8935603e-01   4.9489918e-01  -5.1692497e-01   6.8821204e-01  -6.8975174e-01
   8.7548223e-02   7.4439899e-02   2.3251903e-01  -7.9927925e-02   6.6285639e-01  -9.0382689e-01   1.5458575e+00  -1.6146569e+00   2.1496858e+00  -2.1544952e+00
  -3.0094517e-02  -2.5588558e-02  -7.9927925e-02   2.7475056e-02  -2.2785549e-01   3.1068858e-01  -5.3138525e-01   5.5503488e-01  -7.3894997e-01   7.4060318e-01
   2.4957914e-01   2.1221043e-01   6.6285639e-01  -2.2785549e-01   1.8896458e+00  -2.5765953e+00   4.4068717e+00  -4.6030023e+00   6.1282425e+00  -6.1419529e+00
  -3.4030952e-01  -2.8935603e-01  -9.0382689e-01   3.1068858e-01  -2.5765953e+00   3.5132739e+00  -6.0089171e+00   6.2763477e+00  -8.3560639e+00   8.3747585e+00
   5.8204732e-01   4.9489918e-01   1.5458575e+00  -5.3138525e-01   4.4068717e+00  -6.0089171e+00   1.0277333e+01  -1.0734732e+01   1.4291768e+01  -1.4323742e+01
  -6.0795170e-01  -5.1692497e-01  -1.6146569e+00   5.5503488e-01  -4.6030023e+00   6.2763477e+00  -1.0734732e+01   1.1212488e+01  -1.4927832e+01   1.4961229e+01
   8.0940118e-01   6.8821204e-01   2.1496858e+00  -7.3894997e-01   6.1282425e+00  -8.3560639e+00   1.4291768e+01  -1.4927832e+01   1.9874284e+01  -1.9918748e+01
  -8.1121201e-01  -6.8975174e-01  -2.1544952e+00   7.4060318e-01  -6.1419529e+00   8.3747585e+00  -1.4323742e+01   1.4961229e+01  -1.9918748e+01   1.9963311e+01
