   8.3432530e-02   1.7222928e-02   2.5239273e-01  -3.0944805e-01   6.5497223e-01  -6.9667269e-01   1.0047508e+00  -1.0066505e+00
   1.7222928e-02   3.5553188e-03   5.2101281e-02  -6.3879178e-02   1.3520553e-01  -1.4381373e-01   2.0741012e-01  -2.0780227e-01
   2.5239273e-01   5.2101281e-02   7.6351621e-01  -9.3611494e-01   1.9813642e+00  -2.1075128e+00   3.0394836e+00  -3.0452303e+00
  -3.0944805e-01  -6.3879178e-02  -9.3611494e-01   1.1477309e+00  -2.4292668e+00   2.5839323e+00  -3.7265823e+00   3.7336281e+00
   6.5497223e-01   1.3520553e-01   1.9813642e+00  -2.4292668e+00   5.1417429e+00  -5.4691050e+00   7.8876175e+00  -7.9025305e+00
  -6.9667269e-01  -1.4381373e-01  -2.1075128e+00   2.5839323e+00  -5.4691050e+00   5.8173094e+00  -8.3898027e+00   8.4056652e+00
   1.0047508e+00   2.0741012e-01   3.0394836e+00  -3.7265823e+00   7.8876175e+00  -8.3898027e+00   1.2099888e+01  -1.2122765e+01
  -1.0066505e+00  -2.0780227e-01  -3.0452303e+00   3.7336281e+00  -7.9025305e+00   8.4056652e+00  -1.2122765e+01   1.2145685e+01
