   2.1624588e-01  -1.4949884e-01   6.1248747e-01  -6.7753375e-01   1.1588215e+00  -1.1605223e+00
  -1.4949884e-01   1.0335412e-01  -4.2343543e-01   4.6840434e-01  -8.0113654e-01   8.0231235e-01
   6.1248747e-01  -4.2343543e-01   1.7347887e+00  -1.9190236e+00   3.2822068e+00  -3.2870239e+00
  -6.7753375e-01   4.6840434e-01  -1.9190236e+00   2.1228242e+00  -3.6307777e+00   3.6361064e+00
   1.1588215e+00  -8.0113654e-01   3.2822068e+00  -3.6307777e+00   6.2099097e+00  -6.2190238e+00
  -1.1605223e+00   8.0231235e-01  -3.2870239e+00   3.6361064e+00  -6.2190238e+00   6.2281512e+00
