   4.7981285e-03  -4.7949726e-03   7.3375422e-04  -7.2773332e-04   4.4906714e-03  -4.4915258e-03   1.2780800e-03  -1.2782452e-03   1.4274338e-03  -1.4293265e-03   1.8268283e-03  -1.8258832e-03   3.6913753e-03  -3.6932276e-03   2.6447752e-03  -2.6461636e-03
  -4.7949726e-03   4.7918187e-03  -7.3327160e-04   7.2725465e-04  -4.4877176e-03   4.4885716e-03  -1.2772393e-03   1.2774045e-03  -1.4264950e-03   1.4283863e-03  -1.8256267e-03   1.8246822e-03  -3.6889474e-03   3.6907984e-03  -2.6430356e-03   2.6444231e-03
   7.3375422e-04  -7.3327160e-04   1.1220943e-04  -1.1128868e-04   6.8673631e-04  -6.8686698e-04   1.9545049e-04  -1.9547576e-04   2.1829045e-04  -2.1857987e-04   2.7936787e-04  -2.7922334e-04   5.6450389e-04  -5.6478715e-04   4.0445248e-04  -4.0466480e-04
  -7.2773332e-04   7.2725465e-04  -1.1128868e-04   1.1037549e-04  -6.8110122e-04   6.8123081e-04  -1.9384670e-04   1.9387176e-04  -2.1649924e-04   2.1678629e-04  -2.7707549e-04   2.7693215e-04  -5.5987180e-04   5.6015273e-04  -4.0113370e-04   4.0134428e-04
   4.4906714e-03  -4.4877176e-03   6.8673631e-04  -6.8110122e-04   4.2029156e-03  -4.2037153e-03   1.1961824e-03  -1.1963371e-03   1.3359659e-03  -1.3377373e-03   1.7097678e-03  -1.7088832e-03   3.4548373e-03  -3.4565709e-03   2.4753018e-03  -2.4766013e-03
  -4.4915258e-03   4.4885716e-03  -6.8686698e-04   6.8123081e-04  -4.2037153e-03   4.2045152e-03  -1.1964101e-03   1.1965648e-03  -1.3362202e-03   1.3379918e-03  -1.7100931e-03   1.7092084e-03  -3.4554947e-03   3.4572286e-03  -2.4757728e-03   2.4770725e-03
   1.2780800e-03  -1.2772393e-03   1.9545049e-04  -1.9384670e-04   1.1961824e-03  -1.1964101e-03   3.4044282e-04  -3.4048684e-04   3.8022629e-04  -3.8073043e-04   4.8661319e-04  -4.8636144e-04   9.8327356e-04  -9.8376694e-04   7.0449013e-04  -7.0485997e-04
  -1.2782452e-03   1.2774045e-03  -1.9547576e-04   1.9387176e-04  -1.1963371e-03   1.1965648e-03  -3.4048684e-04   3.4053087e-04  -3.8027546e-04   3.8077965e-04  -4.8667611e-04   4.8642433e-04  -9.8340070e-04   9.8389414e-04  -7.0458122e-04   7.0495111e-04
   1.4274338e-03  -1.4264950e-03   2.1829045e-04  -2.1649924e-04   1.3359659e-03  -1.3362202e-03   3.8022629e-04  -3.8027546e-04   4.2465878e-04  -4.2522182e-04   5.4347784e-04  -5.4319667e-04   1.0981769e-03  -1.0987280e-03   7.8681545e-04  -7.8722850e-04
  -1.4293265e-03   1.4283863e-03  -2.1857987e-04   2.1678629e-04  -1.3377373e-03   1.3379918e-03  -3.8073043e-04   3.8077965e-04  -4.2522182e-04   4.2578562e-04  -5.4419843e-04   5.4391689e-04  -1.0996330e-03   1.1001848e-03  -7.8785867e-04   7.8827227e-04
   1.8268283e-03  -1.8256267e-03   2.7936787e-04  -2.7707549e-04   1.7097678e-03  -1.7100931e-03   4.8661319e-04  -4.8667611e-04   5.4347784e-04  -5.4419843e-04   6.9554234e-04  -6.9518251e-04   1.4054457e-03  -1.4061509e-03   1.0069655e-03  -1.0074942e-03
  -1.8258832e-03   1.8246822e-03  -2.7922334e-04   2.7693215e-04  -1.7088832e-03   1.7092084e-03  -4.8636144e-04   4.8642433e-04  -5.4319667e-04   5.4391689e-04  -6.9518251e-04   6.9482286e-04  -1.4047186e-03   1.4054234e-03  -1.0064446e-03   1.0069730e-03
   3.6913753e-03  -3.6889474e-03   5.6450389e-04  -5.5987180e-04   3.4548373e-03  -3.4554947e-03   9.8327356e-04  -9.8340070e-04   1.0981769e-03  -1.0996330e-03   1.4054457e-03  -1.4047186e-03   2.8399097e-03  -2.8413347e-03   2.0347221e-03  -2.0357902e-03
  -3.6932276e-03   3.6907984e-03  -5.6478715e-04   5.6015273e-04  -3.4565709e-03   3.4572286e-03  -9.8376694e-04   9.8389414e-04  -1.0987280e-03   1.1001848e-03  -1.4061509e-03   1.4054234e-03  -2.8413347e-03   2.8427605e-03  -2.0357430e-03   2.0368117e-03
   2.6447752e-03  -2.6430356e-03   4.0445248e-04  -4.0113370e-04   2.4753018e-03  -2.4757728e-03   7.0449013e-04  -7.0458122e-04   7.8681545e-04  -7.8785867e-04   1.0069655e-03  -1.0064446e-03   2.0347221e-03  -2.0357430e-03   1.4578259e-03  -1.4585912e-03
  -2.6461636e-03   2.6444231e-03  -4.0466480e-04   4.0134428e-04  -2.4766013e-03   2.4770725e-03  -7.0485997e-04   7.0495111e-04  -7.8722850e-04   7.8827227e-04  -1.0074942e-03   1.0069730e-03  -2.0357902e-03   2.0368117e-03  -1.4585912e-03   1.4593569e-03
